2 0.14375 0.253125 0.028125 0.0609375
2 0.2421875 0.21875 0.03125 0.0578125
3 0.15625 0.4234375 0.0296875 0.0671875
2 0.0796875 0.703125 0.03125 0.084375
2 0.215625 0.728125 0.0328125 0.0828125
2 0.515625 0.6375 0.0578125 0.08125
2 0.8609375 0.715625 0.040625 0.1015625
2 0.875 0.496875 0.0359375 0.0734375
2 0.14375 0.109375 0.028125 0.0609375
2 0.2421875 0.14375 0.03125 0.0578125
2 0.0796875 0.93125 0.03125 0.084375
2 0.215625 0.90625 0.0328125 0.0828125
2 0.51484375 0.978125 0.0578125 0.04375
2 0.8609375 0.91875 0.040625 0.1015625