2 0.05625 0.40625 0.0734375 0.196875
2 0.225 0.3765625 0.121875 0.1796875
2 0.390625 0.4515625 0.1109375 0.20625
2 0.459375 0.553125 0.1046875 0.225
2 0.521875 0.578125 0.1125 0.2109375
2 0.796875 0.3171875 0.0890625 0.1578125
2 0.89375 0.459375 0.05625 0.1796875
2 0.05546875 0.08515625 0.0734375 0.1703125
2 0.225 0.1015625 0.121875 0.1796875
2 0.38984375 0.06484375 0.1109375 0.1296875
2 0.45859375 0.925 0.1046875 0.15
2 0.521875 0.915625 0.1125 0.16875
2 0.796875 0.1609375 0.0890625 0.1578125
2 0.89375 0.05390625 0.05625 0.1078125