2 0.0734375 0.4953125 0.0484375 0.1125
2 0.29375 0.46875 0.0375 0.1046875
2 0.46875 0.565625 0.05 0.13125
2 0.80625 0.44375 0.046875 0.109375
2 0.95625 0.4734375 0.034375 0.1203125
2 0.984375 0.4390625 0.0296875 0.103125
3 0.2171875 0.5421875 0.040625 0.1359375
0 0.415625 0.534375 0.015625 0.0171875
2 0.0734375 0.0921875 0.0484375 0.1125
2 0.0734375 0.9109375 0.0484375 0.1125
2 0.29375 0.11875 0.0375 0.1046875
2 0.29375 0.9375 0.0375 0.1046875
2 0.46875 0.04375 0.05 0.0875
2 0.46875 0.840625 0.05 0.13125
2 0.80625 0.14375 0.046875 0.109375
2 0.80625 0.95390625 0.046875 0.0921875
2 0.95625 0.1140625 0.034375 0.1203125
2 0.95625 0.9328125 0.034375 0.1203125
2 0.984375 0.1484375 0.0296875 0.103125
2 0.98359375 0.9578125 0.0296875 0.084375
3 0.2171875 0.05625 0.040625 0.1125
3 0.2171875 0.8640625 0.040625 0.1359375
0 0.415625 0.053125 0.015625 0.0171875
0 0.415625 0.871875 0.015625 0.0171875