2 0.0796875 0.6609375 0.034375 0.05625
2 0.25 0.6015625 0.028125 0.053125
2 0.3546875 0.6265625 0.0265625 0.0421875
2 0.3546875 0.6609375 0.034375 0.05625
2 0.41875 0.5484375 0.028125 0.0421875
2 0.440625 0.5265625 0.021875 0.0390625
2 0.4421875 0.4734375 0.01875 0.0453125
2 0.5484375 0.5140625 0.025 0.0390625
2 0.5921875 0.49375 0.03125 0.0453125
2 0.596875 0.421875 0.021875 0.0375
2 0.6546875 0.4140625 0.0140625 0.0375
2 0.659375 0.4078125 0.01875 0.0421875
2 0.6125 0.590625 0.03125 0.0578125
2 0.971875 0.5890625 0.034375 0.0609375
2 0.8890625 0.5546875 0.0203125 0.053125
2 0.859375 0.4484375 0.01875 0.04375
2 0.828125 0.396875 0.021875 0.0390625
0 0.4703125 0.5765625 0.0109375 0.0125
3 0.6796875 0.5421875 0.015625 0.05
1 0.3671875 0.4109375 0.021875 0.0359375
2 0.0796875 0.85 0.034375 0.05625
2 0.25 0.909375 0.028125 0.053125
2 0.3546875 0.884375 0.0265625 0.0421875
2 0.3546875 0.85 0.034375 0.05625
2 0.41875 0.9625 0.028125 0.0421875
2 0.440625 0.98203125 0.021875 0.0359375
2 0.4421875 0.01796875 0.01875 0.0359375
2 0.5484375 0.98828125 0.025 0.0234375
2 0.5921875 0.0078125 0.03125 0.015625
2 0.596875 0.065625 0.021875 0.0375
2 0.6546875 0.0734375 0.0140625 0.0375
2 0.659375 0.0796875 0.01875 0.0421875
2 0.6125 0.9203125 0.03125 0.0578125
2 0.971875 0.921875 0.034375 0.0609375
2 0.8890625 0.95625 0.0203125 0.053125
2 0.859375 0.0390625 0.01875 0.04375
2 0.828125 0.090625 0.021875 0.0390625
0 0.4703125 0.934375 0.0109375 0.0125
3 0.6796875 0.96875 0.015625 0.05
1 0.3671875 0.0765625 0.021875 0.0359375