3 0.0625 0.5671875 0.0890625 0.1203125
2 0.13125 0.5421875 0.0671875 0.1109375
2 0.309375 0.540625 0.075 0.128125
2 0.3625 0.4859375 0.0421875 0.0953125
2 0.3921875 0.4375 0.04375 0.0796875
2 0.440625 0.4421875 0.0390625 0.078125
2 0.5109375 0.4875 0.0359375 0.1046875
2 0.8734375 0.49375 0.0453125 0.1125
2 0.7578125 0.61875 0.053125 0.1421875
0 0.6078125 0.4296875 0.0140625 0.0140625
3 0.06171875 0.02109375 0.0890625 0.0421875
3 0.0625 0.8765625 0.0890625 0.1203125
2 0.13046875 0.03125 0.0671875 0.0625
2 0.13125 0.9015625 0.0671875 0.1109375
2 0.309375 0.03671875 0.075 0.0734375
2 0.309375 0.903125 0.075 0.128125
2 0.3625 0.0640625 0.0421875 0.0953125
2 0.36171875 0.9546875 0.0421875 0.090625
2 0.3921875 0.1125 0.04375 0.0796875
2 0.3921875 0.9828125 0.04375 0.034375
2 0.440625 0.1078125 0.0390625 0.078125
2 0.43984375 0.98125 0.0390625 0.0375
2 0.5109375 0.0625 0.0359375 0.1046875
2 0.51015625 0.9515625 0.0359375 0.096875
2 0.8734375 0.05625 0.0453125 0.1125
2 0.87265625 0.946875 0.0453125 0.10625
2 0.7578125 0.825 0.053125 0.1421875
0 0.6078125 0.1203125 0.0140625 0.0140625