2 0.128125 0.4484375 0.0546875 0.159375
2 0.325 0.4546875 0.0453125 0.1890625
2 0.375 0.5703125 0.05 0.19375
2 0.4171875 0.496875 0.05 0.1640625
2 0.4515625 0.55625 0.053125 0.1734375
2 0.4921875 0.5875 0.075 0.1890625
2 0.4984375 0.4515625 0.0625 0.075
2 0.7109375 0.5484375 0.084375 0.2
2 0.540625 0.5640625 0.04375 0.190625
3 0.5890625 0.571875 0.053125 0.1921875
2 0.753125 0.4734375 0.0484375 0.1546875
2 0.85625 0.3828125 0.046875 0.0828125
0 0.6890625 0.50625 0.0234375 0.025
2 0.12734375 0.0328125 0.0546875 0.065625
2 0.32421875 0.03671875 0.0453125 0.0734375
2 0.375 0.946875 0.05 0.10625
2 0.4515625 0.95859375 0.053125 0.0828125
2 0.4921875 0.9390625 0.075 0.121875
2 0.4984375 0.01015625 0.0625 0.0203125
2 0.7109375 0.95625 0.084375 0.0875
2 0.540625 0.95078125 0.04375 0.0984375
3 0.5890625 0.94609375 0.053125 0.1078125
2 0.75234375 0.01875 0.0484375 0.0375
2 0.85625 0.0515625 0.046875 0.0828125