3 0.5 0.553125 0.0359375 0.1125
2 0.0703125 0.540625 0.03125 0.09375
2 0.090625 0.55 0.034375 0.0890625
2 0.24375 0.5296875 0.0421875 0.096875
2 0.290625 0.5390625 0.03125 0.0953125
2 0.334375 0.5078125 0.040625 0.078125
2 0.3921875 0.496875 0.040625 0.0875
2 0.4171875 0.5015625 0.0328125 0.0875
2 0.446875 0.5015625 0.03125 0.084375
2 0.534375 0.5578125 0.0375 0.09375
2 0.5484375 0.4703125 0.0359375 0.075
2 0.5921875 0.5 0.0421875 0.0828125
2 0.83125 0.5078125 0.04375 0.08125
2 0.9453125 0.53125 0.04375 0.075
1 0.1 0.5046875 0.04375 0.075
3 0.5 0.084375 0.0359375 0.1125
3 0.5 0.8078125 0.0359375 0.1125
2 0.0703125 0.096875 0.03125 0.09375
2 0.0703125 0.8203125 0.03125 0.09375
2 0.090625 0.0875 0.034375 0.0890625
2 0.090625 0.8109375 0.034375 0.0890625
2 0.24375 0.1078125 0.0421875 0.096875
2 0.24375 0.83125 0.0421875 0.096875
2 0.290625 0.0984375 0.03125 0.0953125
2 0.290625 0.821875 0.03125 0.0953125
2 0.334375 0.1296875 0.040625 0.078125
2 0.334375 0.853125 0.040625 0.078125
2 0.3921875 0.140625 0.040625 0.0875
2 0.3921875 0.8640625 0.040625 0.0875
2 0.4171875 0.1359375 0.0328125 0.0875
2 0.4171875 0.859375 0.0328125 0.0875
2 0.446875 0.1359375 0.03125 0.084375
2 0.446875 0.859375 0.03125 0.084375
2 0.534375 0.0796875 0.0375 0.09375
2 0.534375 0.803125 0.0375 0.09375
2 0.5484375 0.1671875 0.0359375 0.075
2 0.5484375 0.890625 0.0359375 0.075
2 0.5921875 0.1375 0.0421875 0.0828125
2 0.5921875 0.8609375 0.0421875 0.0828125
2 0.83125 0.1296875 0.04375 0.08125
2 0.83125 0.853125 0.04375 0.08125
2 0.9453125 0.10625 0.04375 0.075
2 0.9453125 0.8296875 0.04375 0.075
1 0.1 0.1328125 0.04375 0.075
1 0.1 0.85625 0.04375 0.075