2 0.2203125 0.746875 0.0625 0.0828125
2 0.7078125 0.525 0.0484375 0.1921875
2 0.75 0.534375 0.0453125 0.1875
2 0.4671875 0.31875 0.0578125 0.1671875
2 0.3453125 0.321875 0.0515625 0.1578125
2 0.0953125 0.2921875 0.059375 0.146875
2 0.3734375 0.284375 0.053125 0.1546875
1 0.9046875 0.2515625 0.0578125 0.0875
2 0.2203125 0.8328125 0.0625 0.0828125
2 0.70703125 0.97890625 0.0484375 0.0421875
2 0.74921875 0.97578125 0.0453125 0.0484375
2 0.4671875 0.096875 0.0578125 0.1671875
2 0.3453125 0.09375 0.0515625 0.1578125
2 0.0953125 0.1234375 0.059375 0.146875
2 0.3734375 0.13125 0.053125 0.1546875
1 0.9046875 0.1640625 0.0578125 0.0875