2 0.084375 0.571875 0.084375 0.1734375
3 0.5328125 0.434375 0.0546875 0.1625
2 0.5484375 0.6453125 0.05 0.19375
2 0.6015625 0.65 0.065625 0.190625
2 0.6890625 0.65 0.0796875 0.1953125
2 0.809375 0.65625 0.0734375 0.1890625
2 0.8765625 0.709375 0.0875 0.19375
2 0.1421875 0.753125 0.0484375 0.1671875
2 0.203125 0.75625 0.065625 0.1625
1 0.928125 0.365625 0.0796875 0.1625
2 0.5484375 0.9671875 0.05 0.065625
2 0.6015625 0.965625 0.065625 0.06875
2 0.68828125 0.9640625 0.0796875 0.071875
2 0.80859375 0.9625 0.0734375 0.075
2 0.8765625 0.93515625 0.0875 0.1296875
2 0.14140625 0.91953125 0.0484375 0.1609375
2 0.203125 0.91953125 0.065625 0.1609375
1 0.92734375 0.0171875 0.0796875 0.034375