2 0.38125 0.4765625 0.03125 0.0578125
2 0.434375 0.53125 0.015625 0.05625
2 0.50625 0.5578125 0.03125 0.05625
2 0.4765625 0.475 0.0265625 0.05625
2 0.5140625 0.4421875 0.01875 0.053125
2 0.571875 0.4640625 0.0296875 0.053125
2 0.6234375 0.5390625 0.0171875 0.0625
2 0.6609375 0.5015625 0.0234375 0.0546875
2 0.721875 0.45625 0.01875 0.05625
2 0.8015625 0.4359375 0.01875 0.0515625
2 0.9140625 0.48125 0.0265625 0.0515625
2 0.9234375 0.5609375 0.0296875 0.0671875
2 0.721875 0.6921875 0.0734375 0.0453125
2 0.38125 0.01484375 0.03125 0.0296875
2 0.434375 0.97890625 0.015625 0.0421875
2 0.50625 0.959375 0.03125 0.05625
2 0.47578125 0.015625 0.0265625 0.03125
2 0.5140625 0.0359375 0.01875 0.053125
2 0.57109375 0.0203125 0.0296875 0.040625
2 0.62265625 0.9734375 0.0171875 0.053125
2 0.66015625 0.99375 0.0234375 0.0125
2 0.721875 0.025 0.01875 0.05
2 0.8015625 0.0421875 0.01875 0.0515625
2 0.91328125 0.0109375 0.0265625 0.021875
2 0.9234375 0.95625 0.0296875 0.0671875
2 0.721875 0.825 0.0734375 0.0453125