0 0.3328125 0.5546875 0.03125 0.0328125
3 0.7109375 0.3671875 0.078125 0.1859375
2 0.1421875 0.521875 0.09375 0.20625
2 0.090625 0.765625 0.08125 0.2109375
2 0.215625 0.7703125 0.0859375 0.2015625
2 0.4 0.64375 0.0859375 0.221875
2 0.553125 0.678125 0.0890625 0.228125
2 0.70625 0.6421875 0.09375 0.209375
2 0.775 0.6953125 0.065625 0.215625
2 0.8484375 0.6546875 0.0984375 0.209375
1 0.9015625 0.3234375 0.1078125 0.1859375
2 0.090625 0.94296875 0.08125 0.1140625
2 0.21484375 0.94296875 0.0859375 0.1140625
2 0.775 0.97734375 0.065625 0.0453125