2 0.140625 0.4390625 0.0765625 0.10625
2 0.33125 0.43125 0.0546875 0.103125
2 0.3734375 0.4828125 0.04375 0.125
2 0.4328125 0.4640625 0.0734375 0.1296875
2 0.6328125 0.634375 0.0953125 0.1703125
2 0.809375 0.478125 0.0453125 0.125
2 0.7765625 0.3578125 0.0484375 0.1015625
2 0.9375 0.3859375 0.05 0.109375
2 0.8609375 0.4484375 0.075 0.1078125
2 0.921875 0.6078125 0.08125 0.1640625
3 0.0859375 0.5078125 0.0703125 0.14375
0 0.4625 0.5125 0.0234375 0.0265625
2 0.13984375 0.02265625 0.0765625 0.0453125
2 0.33046875 0.02578125 0.0546875 0.0515625
2 0.43203125 0.015625 0.0734375 0.03125
2 0.63203125 0.92265625 0.0953125 0.1546875
2 0.7765625 0.0734375 0.0484375 0.1015625
2 0.9375 0.05 0.05 0.1
2 0.8609375 0.01796875 0.075 0.0359375
2 0.921875 0.9375 0.08125 0.125