3 0.728125 0.51875 0.03125 0.1015625
1 0.3046875 0.453125 0.0390625 0.075
2 0.075 0.6015625 0.0765625 0.0859375
2 0.1296875 0.6125 0.046875 0.109375
2 0.1765625 0.5921875 0.06875 0.0953125
2 0.20625 0.5546875 0.0421875 0.084375
2 0.478125 0.50625 0.0453125 0.090625
2 0.571875 0.4828125 0.05625 0.084375
2 0.646875 0.4765625 0.0484375 0.0875
2 0.584375 0.59375 0.05 0.121875
2 0.7703125 0.5328125 0.0265625 0.1109375
2 0.8078125 0.475 0.025 0.0953125
2 0.8828125 0.4625 0.0328125 0.1
2 0.91875 0.4421875 0.03125 0.0890625
2 0.9515625 0.440625 0.0421875 0.0734375
2 0.975 0.43125 0.03125 0.0796875
0 0.2359375 0.6265625 0.0171875 0.0171875
3 0.728125 0.09375 0.03125 0.1015625
3 0.728125 0.865625 0.03125 0.1015625
1 0.3046875 0.159375 0.0390625 0.075
1 0.3046875 0.93125 0.0390625 0.075
2 0.07421875 0.0265625 0.0765625 0.053125
2 0.075 0.7828125 0.0765625 0.0859375
2 0.1296875 0.02734375 0.046875 0.0546875
2 0.1296875 0.771875 0.046875 0.109375
2 0.1765625 0.03359375 0.06875 0.0671875
2 0.1765625 0.7921875 0.06875 0.0953125
2 0.20625 0.0578125 0.0421875 0.084375
2 0.20625 0.8296875 0.0421875 0.084375
2 0.478125 0.10625 0.0453125 0.090625
2 0.478125 0.878125 0.0453125 0.090625
2 0.571875 0.1296875 0.05625 0.084375
2 0.571875 0.9015625 0.05625 0.084375
2 0.646875 0.1359375 0.0484375 0.0875
2 0.646875 0.9078125 0.0484375 0.0875
2 0.584375 0.03984375 0.05 0.0796875
2 0.584375 0.790625 0.05 0.121875
2 0.7703125 0.0796875 0.0265625 0.1109375
2 0.7703125 0.8515625 0.0265625 0.1109375
2 0.8078125 0.1375 0.025 0.0953125
2 0.8078125 0.909375 0.025 0.0953125
2 0.8828125 0.15 0.0328125 0.1
2 0.8828125 0.921875 0.0328125 0.1
2 0.91875 0.1703125 0.03125 0.0890625
2 0.91875 0.9421875 0.03125 0.0890625
2 0.9515625 0.171875 0.0421875 0.0734375
2 0.9515625 0.94375 0.0421875 0.0734375
2 0.975 0.18125 0.03125 0.0796875
2 0.975 0.953125 0.03125 0.0796875
0 0.2359375 0.7578125 0.0171875 0.0171875