2 0.06875 0.5234375 0.028125 0.071875
2 0.3625 0.415625 0.0296875 0.0421875
2 0.3734375 0.5390625 0.0375 0.0703125
2 0.4890625 0.578125 0.03125 0.0734375
2 0.484375 0.4984375 0.0296875 0.05625
2 0.5515625 0.4578125 0.028125 0.0578125
2 0.590625 0.5421875 0.040625 0.065625
2 0.5265625 0.5203125 0.0515625 0.0625
2 0.6171875 0.5046875 0.0203125 0.0625
2 0.6546875 0.475 0.0234375 0.0546875
2 0.6734375 0.5078125 0.025 0.0703125
2 0.69375 0.5046875 0.0265625 0.059375
2 0.7234375 0.496875 0.021875 0.0515625
2 0.7328125 0.5359375 0.0328125 0.071875
2 0.7765625 0.5296875 0.025 0.059375
2 0.825 0.575 0.0359375 0.075
3 0.2421875 0.509375 0.0296875 0.06875
0 0.4140625 0.5453125 0.009375 0.0109375
1 0.8921875 0.5265625 0.0328125 0.059375
2 0.06875 0.03125 0.028125 0.0625
2 0.06875 0.925 0.028125 0.071875
2 0.3625 0.134375 0.0296875 0.0421875
2 0.3734375 0.02265625 0.0375 0.0453125
2 0.3734375 0.909375 0.0375 0.0703125
2 0.4890625 0.8703125 0.03125 0.0734375
2 0.484375 0.0515625 0.0296875 0.05625
2 0.484375 0.95 0.0296875 0.05625
2 0.5515625 0.0921875 0.028125 0.0578125
2 0.5515625 0.98046875 0.028125 0.0390625
2 0.590625 0.0203125 0.040625 0.040625
2 0.590625 0.90625 0.040625 0.065625
2 0.52578125 0.03046875 0.0515625 0.0609375
2 0.5265625 0.928125 0.0515625 0.0625
2 0.6171875 0.0453125 0.0203125 0.0625
2 0.6171875 0.94375 0.0203125 0.0625
2 0.6546875 0.075 0.0234375 0.0546875
2 0.65390625 0.97265625 0.0234375 0.0546875
2 0.6734375 0.0421875 0.025 0.0703125
2 0.6734375 0.940625 0.025 0.0703125
2 0.69375 0.0453125 0.0265625 0.059375
2 0.69375 0.94375 0.0265625 0.059375
2 0.7234375 0.053125 0.021875 0.0515625
2 0.7234375 0.9515625 0.021875 0.0515625
2 0.73203125 0.025 0.0328125 0.05
2 0.7328125 0.9125 0.0328125 0.071875
2 0.7765625 0.025 0.025 0.05
2 0.7765625 0.91875 0.025 0.059375
2 0.825 0.8734375 0.0359375 0.075
3 0.2421875 0.040625 0.0296875 0.06875
3 0.2421875 0.9390625 0.0296875 0.06875
0 0.4140625 0.0046875 0.009375 0.009375
0 0.4140625 0.903125 0.009375 0.0109375
1 0.89140625 0.0265625 0.0328125 0.053125
1 0.8921875 0.921875 0.0328125 0.059375