3 0.85625 0.51875 0.053125 0.1125
1 0.203125 0.4453125 0.046875 0.0734375
2 0.0109375 0.5328125 0.021875 0.0875
2 0.246875 0.5203125 0.0390625 0.1046875
2 0.278125 0.653125 0.0375 0.1390625
2 0.440625 0.49375 0.053125 0.109375
2 0.5140625 0.5203125 0.03125 0.1171875
2 0.55 0.5015625 0.0375 0.1078125
2 0.5953125 0.4515625 0.0375 0.0890625
2 0.5265625 0.471875 0.028125 0.075
2 0.6890625 0.4234375 0.0375 0.096875
2 0.659375 0.528125 0.10625 0.06875
2 0.8125 0.4375 0.0234375 0.090625
2 0.8578125 0.434375 0.046875 0.090625
2 0.9046875 0.4921875 0.0359375 0.1109375
2 0.8046875 0.5515625 0.0484375 0.1265625
3 0.85625 0.021875 0.053125 0.04375
3 0.85625 0.95625 0.053125 0.0875
1 0.203125 0.0609375 0.046875 0.0734375
2 0.0109375 0.9546875 0.021875 0.0875
2 0.24609375 0.01875 0.0390625 0.0375
2 0.24609375 0.95703125 0.0390625 0.0859375
2 0.278125 0.834375 0.0375 0.1390625
2 0.440625 0.03359375 0.053125 0.0671875
2 0.440625 0.96953125 0.053125 0.0609375
2 0.5140625 0.021875 0.03125 0.04375
2 0.5140625 0.95390625 0.03125 0.0921875
2 0.55 0.02890625 0.0375 0.0578125
2 0.55 0.965625 0.0375 0.06875
2 0.5953125 0.0546875 0.0375 0.0890625
2 0.5265625 0.0359375 0.028125 0.071875
2 0.5265625 0.9890625 0.028125 0.021875
2 0.6890625 0.0828125 0.0375 0.096875
2 0.659375 0.959375 0.10625 0.06875
2 0.8125 0.06875 0.0234375 0.090625
2 0.8578125 0.071875 0.046875 0.090625
2 0.90390625 0.034375 0.0359375 0.06875
2 0.90390625 0.96953125 0.0359375 0.0609375
2 0.8046875 0.9359375 0.0484375 0.1265625