3 0.5984375 0.5890625 0.025 0.053125
1 0.384375 0.465625 0.025 0.05
2 0.2265625 0.528125 0.040625 0.0265625
2 0.20625 0.5953125 0.028125 0.05625
2 0.3265625 0.640625 0.028125 0.0703125
2 0.5890625 0.640625 0.021875 0.0625
2 0.7796875 0.6984375 0.0328125 0.0734375
2 0.978125 0.6484375 0.028125 0.0734375
2 0.6046875 0.4796875 0.0296875 0.0484375
2 0.60625 0.4921875 0.0421875 0.046875
2 0.659375 0.4734375 0.021875 0.0421875
2 0.6546875 0.49375 0.028125 0.04375
2 0.490625 0.465625 0.0234375 0.0421875
2 0.43125 0.471875 0.0234375 0.0484375
2 0.465625 0.4828125 0.0203125 0.0515625
2 0.4515625 0.478125 0.015625 0.05
3 0.5984375 0.91875 0.025 0.053125
1 0.384375 0.025 0.025 0.05
2 0.2265625 0.9796875 0.040625 0.0265625
2 0.20625 0.9125 0.028125 0.05625
2 0.3265625 0.8671875 0.028125 0.0703125
2 0.5890625 0.8671875 0.021875 0.0625
2 0.7796875 0.809375 0.0328125 0.0734375
2 0.978125 0.859375 0.028125 0.0734375
2 0.60390625 0.0171875 0.0296875 0.034375
2 0.60546875 0.0109375 0.0421875 0.021875
2 0.659375 0.01875 0.021875 0.0375
2 0.6546875 0.009375 0.028125 0.01875
2 0.490625 0.025 0.0234375 0.0421875
2 0.43046875 0.02109375 0.0234375 0.0421875
2 0.46484375 0.01640625 0.0203125 0.0328125
2 0.4515625 0.01875 0.015625 0.0375