2 0.0578125 0.4 0.015625 0.04375
2 0.096875 0.371875 0.028125 0.040625
2 0.2921875 0.4921875 0.021875 0.046875
2 0.3984375 0.4328125 0.0203125 0.040625
3 0.325 0.5484375 0.0203125 0.05625
2 0.525 0.409375 0.0265625 0.034375
2 0.55 0.4953125 0.0296875 0.0515625
2 0.6546875 0.446875 0.025 0.0421875
2 0.5796875 0.665625 0.0359375 0.06875
2 0.8203125 0.61875 0.0359375 0.065625
2 0.74375 0.50625 0.021875 0.053125
2 0.9578125 0.6265625 0.028125 0.0671875
0 0.4984375 0.4171875 0.0171875 0.0078125
2 0.0578125 0.084375 0.015625 0.04375
2 0.096875 0.1125 0.028125 0.040625
2 0.2921875 0.0078125 0.021875 0.015625
2 0.3984375 0.0515625 0.0203125 0.040625
3 0.325 0.9625 0.0203125 0.05625
2 0.525 0.075 0.0265625 0.034375
2 0.54921875 0.00703125 0.0296875 0.0140625
2 0.54921875 0.99453125 0.0296875 0.0109375
2 0.6546875 0.0375 0.025 0.0421875
2 0.5796875 0.8453125 0.0359375 0.06875
2 0.8203125 0.8921875 0.0359375 0.065625
2 0.74375 0.9890625 0.021875 0.021875
2 0.9578125 0.884375 0.028125 0.0671875
0 0.4984375 0.0671875 0.0171875 0.0078125