0 0.4125 0.5078125 0.0109375 0.0140625
2 0.4171875 0.48125 0.0328125 0.040625
2 0.5234375 0.49375 0.021875 0.0453125
2 0.55625 0.4921875 0.0484375 0.0203125
2 0.5375 0.5078125 0.0375 0.046875
2 0.721875 0.4671875 0.025 0.0484375
1 0.659375 0.4765625 0.04375 0.0265625
0 0.41171875 0.996875 0.0109375 0.00625
2 0.41640625 0.01328125 0.0328125 0.0265625
2 0.5234375 0.0078125 0.021875 0.015625
2 0.55546875 0.00234375 0.0484375 0.0046875
2 0.5375 0.9890625 0.0375 0.021875
2 0.721875 0.021875 0.025 0.04375
1 0.659375 0.01171875 0.04375 0.0234375