2 0.359375 0.5390625 0.3765625 0.378125
2 0.5078125 0.54375 0.284375 0.3921875
2 0.8890625 0.4984375 0.2203125 0.5078125
2 0.803125 0.559375 0.2046875 0.3171875
0 0.696875 0.7109375 0.0640625 0.0625
2 0.35859375 0.06875 0.3765625 0.1375
2 0.35859375 0.8890625 0.3765625 0.221875
2 0.5078125 0.06953125 0.284375 0.1390625
2 0.5078125 0.8828125 0.284375 0.234375
2 0.88828125 0.12109375 0.2203125 0.2421875
2 0.88828125 0.8765625 0.2203125 0.246875
2 0.80234375 0.04296875 0.2046875 0.0859375
2 0.80234375 0.89375 0.2046875 0.2125
0 0.696875 0.7953125 0.0640625 0.0625