2 0.096875 0.375 0.0265625 0.0515625
2 0.134375 0.375 0.0296875 0.04375
2 0.0328125 0.459375 0.028125 0.0578125
2 0.14375 0.6421875 0.03125 0.065625
2 0.35 0.6609375 0.0359375 0.065625
2 0.303125 0.5140625 0.034375 0.05625
2 0.484375 0.4140625 0.040625 0.0453125
2 0.7 0.390625 0.0234375 0.046875
2 0.6265625 0.6765625 0.03125 0.0671875
2 0.9453125 0.615625 0.05625 0.05625
2 0.965625 0.5734375 0.040625 0.0578125
3 0.440625 0.5390625 0.0359375 0.0515625
2 0.096875 0.175 0.0265625 0.0515625
2 0.134375 0.175 0.0296875 0.04375
2 0.0328125 0.090625 0.028125 0.0578125
2 0.0328125 0.97734375 0.028125 0.0453125
2 0.14375 0.8015625 0.03125 0.065625
2 0.35 0.7828125 0.0359375 0.065625
2 0.303125 0.0359375 0.034375 0.05625
2 0.303125 0.9296875 0.034375 0.05625
2 0.484375 0.1359375 0.040625 0.0453125
2 0.7 0.159375 0.0234375 0.046875
2 0.6265625 0.7671875 0.03125 0.0671875
2 0.9453125 0.828125 0.05625 0.05625
2 0.965625 0.8703125 0.040625 0.0578125
3 0.43984375 0.01796875 0.0359375 0.0359375
3 0.440625 0.9046875 0.0359375 0.0515625