2 0.1484375 0.434375 0.05625 0.15625
2 0.2546875 0.478125 0.090625 0.2
2 0.165625 0.5859375 0.0765625 0.2234375
2 0.321875 0.5984375 0.0671875 0.2265625
2 0.40625 0.596875 0.071875 0.2390625
2 0.8625 0.4828125 0.0703125 0.196875
2 0.88125 0.3515625 0.05625 0.1046875
3 0.4859375 0.5921875 0.084375 0.228125
2 0.1484375 0.0203125 0.05625 0.040625
2 0.16484375 0.94921875 0.0765625 0.1015625
2 0.32109375 0.9421875 0.0671875 0.115625
2 0.40625 0.93984375 0.071875 0.1203125
2 0.88125 0.0484375 0.05625 0.096875
3 0.4859375 0.9453125 0.084375 0.109375