1 0.175 0.3953125 0.0140625 0.0359375
2 0.759375 0.428125 0.015625 0.0390625
2 0.7796875 0.4421875 0.0171875 0.0359375
2 0.684375 0.5515625 0.021875 0.0421875
2 0.675 0.615625 0.015625 0.05
2 0.759375 0.5890625 0.025 0.05
2 0.8484375 0.70625 0.0296875 0.0515625
3 0.8796875 0.575 0.0171875 0.040625
1 0.175 0.1078125 0.0140625 0.0359375
2 0.759375 0.075 0.015625 0.0390625
2 0.7796875 0.0609375 0.0171875 0.0359375
2 0.684375 0.94375 0.021875 0.0421875
2 0.675 0.8796875 0.015625 0.05
2 0.759375 0.90625 0.025 0.05
2 0.8484375 0.7890625 0.0296875 0.0515625
3 0.8796875 0.9203125 0.0171875 0.040625