2 0.0890625 0.4390625 0.11875 0.171875
2 0.284375 0.528125 0.121875 0.18125
2 0.1828125 0.6390625 0.1203125 0.1703125
2 0.478125 0.45 0.05 0.1453125
2 0.5078125 0.51875 0.1078125 0.1703125
2 0.64375 0.50625 0.0625 0.146875
2 0.671875 0.565625 0.0984375 0.175
2 0.853125 0.5453125 0.09375 0.1765625
1 0.896875 0.484375 0.075 0.1390625
3 0.028125 0.5421875 0.0546875 0.19375
2 0.0890625 0.0984375 0.11875 0.171875
2 0.0890625 0.9671875 0.11875 0.065625
2 0.284375 0.05 0.121875 0.1
2 0.284375 0.9203125 0.121875 0.159375
2 0.1828125 0.8203125 0.1203125 0.1703125
2 0.478125 0.0875 0.05 0.1453125
2 0.478125 0.96796875 0.05 0.0640625
2 0.50703125 0.0515625 0.1078125 0.103125
2 0.50703125 0.92734375 0.1078125 0.1453125
2 0.64375 0.05234375 0.0625 0.1046875
2 0.64375 0.93984375 0.0625 0.1203125
2 0.67109375 0.0296875 0.0984375 0.059375
2 0.671875 0.89375 0.0984375 0.175
2 0.853125 0.03984375 0.09375 0.0796875
2 0.853125 0.9125 0.09375 0.175
1 0.896875 0.0609375 0.075 0.121875
1 0.896875 0.95234375 0.075 0.0953125
3 0.02734375 0.04609375 0.0546875 0.0921875
3 0.02734375 0.91015625 0.0546875 0.1796875