2 0.06875 0.578125 0.040625 0.1484375
2 0.4796875 0.653125 0.0515625 0.1640625
2 0.5921875 0.65625 0.059375 0.1515625
2 0.721875 0.678125 0.0515625 0.14375
2 0.840625 0.7015625 0.0515625 0.146875
2 0.21875 0.6875 0.0640625 0.159375
2 0.0890625 0.740625 0.053125 0.06875
2 0.259375 0.7390625 0.05625 0.071875
1 0.7171875 0.4234375 0.0515625 0.1359375
0 0.2890625 0.59375 0.0203125 0.01875
2 0.06875 0.95 0.040625 0.1
2 0.4796875 0.9 0.0515625 0.1640625
2 0.5921875 0.896875 0.059375 0.1515625
2 0.721875 0.875 0.0515625 0.14375
2 0.840625 0.8515625 0.0515625 0.146875
2 0.21875 0.865625 0.0640625 0.159375
2 0.0890625 0.8125 0.053125 0.06875
2 0.259375 0.8140625 0.05625 0.071875
1 0.71640625 0.04375 0.0515625 0.0875
0 0.2890625 0.959375 0.0203125 0.01875