3 0.0609375 0.45625 0.0203125 0.075
2 0.1125 0.5734375 0.01875 0.084375
2 0.2375 0.4078125 0.025 0.0671875
2 0.290625 0.3375 0.0203125 0.065625
2 0.3421875 0.503125 0.0296875 0.071875
2 0.43125 0.440625 0.0328125 0.0703125
2 0.4109375 0.6390625 0.0375 0.0859375
2 0.5609375 0.325 0.0265625 0.05
2 0.7609375 0.3828125 0.0390625 0.06875
2 0.7328125 0.440625 0.028125 0.0703125
2 0.66875 0.4546875 0.0265625 0.053125
2 0.7390625 0.621875 0.028125 0.096875
2 0.796875 0.5171875 0.028125 0.0765625
2 0.88125 0.565625 0.0375 0.0890625
2 0.9609375 0.384375 0.0203125 0.0703125
0 0.4171875 0.5359375 0.0109375 0.0109375
3 0.0609375 0.090625 0.0203125 0.075
3 0.06015625 0.978125 0.0203125 0.04375
2 0.1125 0.8765625 0.01875 0.084375
2 0.2375 0.1390625 0.025 0.0671875
2 0.290625 0.209375 0.0203125 0.065625
2 0.3421875 0.04375 0.0296875 0.071875
2 0.3421875 0.946875 0.0296875 0.071875
2 0.43125 0.10625 0.0328125 0.0703125
2 0.43046875 0.98671875 0.0328125 0.0265625
2 0.4109375 0.8109375 0.0375 0.0859375
2 0.5609375 0.221875 0.0265625 0.05
2 0.7609375 0.1640625 0.0390625 0.06875
2 0.7328125 0.10625 0.028125 0.0703125
2 0.7328125 0.98671875 0.028125 0.0265625
2 0.66875 0.0921875 0.0265625 0.053125
2 0.66796875 0.984375 0.0265625 0.03125
2 0.7390625 0.828125 0.028125 0.096875
2 0.796875 0.03359375 0.028125 0.0671875
2 0.796875 0.9328125 0.028125 0.0765625
2 0.88125 0.0125 0.0375 0.025
2 0.88125 0.884375 0.0375 0.0890625
2 0.9609375 0.1625 0.0203125 0.0703125
0 0.4171875 0.0109375 0.0109375 0.0109375
0 0.4171875 0.9140625 0.0109375 0.0109375