3 0.803125 0.6015625 0.028125 0.0703125
0 0.4390625 0.440625 0.0140625 0.0171875
1 0.4890625 0.4484375 0.0203125 0.053125
2 0.5578125 0.4375 0.0265625 0.04375
2 0.53125 0.4453125 0.0171875 0.0453125
2 0.5375 0.4765625 0.0265625 0.05
2 0.484375 0.509375 0.01875 0.0578125
2 0.5265625 0.51875 0.059375 0.01875
2 0.4109375 0.53125 0.0234375 0.05625
2 0.4453125 0.5234375 0.01875 0.0546875
2 0.4703125 0.5265625 0.0203125 0.046875
2 0.5328125 0.546875 0.0375 0.05
2 0.615625 0.53125 0.0328125 0.053125
2 0.68125 0.5 0.0203125 0.05
2 0.7046875 0.4890625 0.0203125 0.0484375
2 0.8171875 0.5203125 0.0296875 0.0484375
2 0.8875 0.56875 0.0265625 0.059375
2 0.7109375 0.584375 0.0265625 0.0609375
2 0.540625 0.66875 0.0296875 0.0734375
2 0.446875 0.6375 0.0359375 0.065625
3 0.803125 0.909375 0.028125 0.0703125
0 0.4390625 0.046875 0.0140625 0.0171875
1 0.4890625 0.0390625 0.0203125 0.053125
2 0.5578125 0.05 0.0265625 0.04375
2 0.53125 0.0421875 0.0171875 0.0453125
2 0.53671875 0.01796875 0.0265625 0.0359375
2 0.484375 0.9859375 0.01875 0.028125
2 0.5265625 0.99140625 0.059375 0.0171875
2 0.41015625 0.97578125 0.0234375 0.0484375
2 0.4453125 0.9796875 0.01875 0.040625
2 0.46953125 0.98046875 0.0203125 0.0390625
2 0.5328125 0.9640625 0.0375 0.05
2 0.61484375 0.9765625 0.0328125 0.046875
2 0.68046875 0.00625 0.0203125 0.0125
2 0.68046875 0.99296875 0.0203125 0.0140625
2 0.70390625 0.0109375 0.0203125 0.021875
2 0.81640625 0.9828125 0.0296875 0.034375
2 0.8875 0.9421875 0.0265625 0.059375
2 0.7109375 0.9265625 0.0265625 0.0609375
2 0.540625 0.8421875 0.0296875 0.0734375
2 0.446875 0.8734375 0.0359375 0.065625