2 0.1734375 0.628125 0.034375 0.1078125
2 0.5078125 0.528125 0.0390625 0.084375
2 0.7515625 0.578125 0.0421875 0.1
2 0.8171875 0.5140625 0.0296875 0.0765625
0 0.6296875 0.496875 0.009375 0.0125
3 0.6671875 0.4671875 0.0296875 0.0640625
3 0.06875 0.60625 0.0328125 0.103125
2 0.1734375 0.8546875 0.034375 0.1078125
2 0.50703125 0.01328125 0.0390625 0.0265625
2 0.5078125 0.9546875 0.0390625 0.084375
2 0.7515625 0.9046875 0.0421875 0.1
2 0.81640625 0.01796875 0.0296875 0.0359375
2 0.81640625 0.96484375 0.0296875 0.0703125
0 0.6296875 0.015625 0.009375 0.0125
0 0.6296875 0.9859375 0.009375 0.0125
3 0.6671875 0.0453125 0.0296875 0.0640625
3 0.66640625 0.99140625 0.0296875 0.0171875
3 0.06875 0.8765625 0.0328125 0.103125