2 0.2171875 0.40625 0.040625 0.10625
2 0.2046875 0.4609375 0.046875 0.1203125
2 0.1984375 0.6125 0.0515625 0.1703125
2 0.0328125 0.65625 0.0609375 0.1765625
2 0.521875 0.51875 0.046875 0.1359375
2 0.696875 0.428125 0.05 0.1234375
2 0.7765625 0.4265625 0.04375 0.115625
2 0.7578125 0.5859375 0.0765625 0.1546875
2 0.325 0.5484375 0.0578125 0.1515625
3 0.13125 0.3453125 0.0296875 0.0828125
3 0.553125 0.4375 0.0359375 0.121875
2 0.2171875 0.08125 0.040625 0.10625
2 0.2046875 0.04296875 0.046875 0.0859375
2 0.1984375 0.8953125 0.0515625 0.1703125
2 0.0328125 0.8515625 0.0609375 0.1765625
2 0.521875 0.01796875 0.046875 0.0359375
2 0.521875 0.96015625 0.046875 0.0796875
2 0.696875 0.06015625 0.05 0.1203125
2 0.7765625 0.0609375 0.04375 0.115625
2 0.7578125 0.921875 0.0765625 0.1546875
2 0.32421875 0.94140625 0.0578125 0.1171875
3 0.13125 0.1421875 0.0296875 0.0828125
3 0.55234375 0.05546875 0.0359375 0.1109375