2 0.215625 0.5140625 0.028125 0.0640625
2 0.1640625 0.5015625 0.025 0.05625
2 0.165625 0.5296875 0.025 0.0609375
2 0.2921875 0.5921875 0.0234375 0.0703125
2 0.396875 0.4671875 0.0296875 0.065625
2 0.3203125 0.48125 0.034375 0.0671875
2 0.4984375 0.546875 0.0234375 0.06875
2 0.528125 0.609375 0.028125 0.06875
2 0.5328125 0.5171875 0.028125 0.0609375
2 0.565625 0.5265625 0.0296875 0.0671875
2 0.4578125 0.4578125 0.046875 0.059375
2 0.7875 0.55625 0.028125 0.071875
1 0.7140625 0.46875 0.0296875 0.0640625
2 0.225 0.63125 0.0390625 0.0734375
3 0.15625 0.4546875 0.0203125 0.053125
2 0.0046875 0.63203125 0.009375 0.0796875
2 0.215625 0.98515625 0.028125 0.0296875
2 0.1640625 0.99375 0.025 0.0125
2 0.165625 0.978125 0.025 0.04375
2 0.2921875 0.925 0.0234375 0.0703125
2 0.39609375 0.0234375 0.0296875 0.046875
2 0.3203125 0.01640625 0.034375 0.0328125
2 0.49765625 0.96796875 0.0234375 0.0640625
2 0.528125 0.9078125 0.028125 0.06875
2 0.5328125 0.984375 0.028125 0.03125
2 0.56484375 0.978125 0.0296875 0.04375
2 0.4578125 0.0265625 0.046875 0.053125
2 0.7875 0.9609375 0.028125 0.071875
1 0.71328125 0.021875 0.0296875 0.04375
2 0.225 0.8859375 0.0390625 0.0734375
3 0.15625 0.0265625 0.0203125 0.053125
2 0.0046875 0.88359375 0.009375 0.0796875