1 0.0765625 0.4859375 0.03125 0.10625
0 0.6421875 0.59375 0.0171875 0.015625
2 0.928125 0.5890625 0.025 0.10625
2 0.8015625 0.7046875 0.0328125 0.059375
2 0.76875 0.7140625 0.0296875 0.04375
2 0.9390625 0.6953125 0.0375 0.0796875
1 0.0765625 0.04453125 0.03125 0.0890625
1 0.0765625 0.96640625 0.03125 0.0671875
0 0.6421875 0.878125 0.0171875 0.015625
2 0.928125 0.8828125 0.025 0.10625
2 0.8015625 0.7671875 0.0328125 0.059375
2 0.76875 0.7578125 0.0296875 0.04375
2 0.9390625 0.7765625 0.0375 0.0796875