2 0.08125 0.44375 0.05625 0.0875
2 0.1359375 0.61875 0.0546875 0.1359375
2 0.528125 0.5484375 0.040625 0.1140625
2 0.509375 0.415625 0.025 0.0703125
2 0.7515625 0.36875 0.0265625 0.0640625
2 0.828125 0.4046875 0.034375 0.0671875
2 0.803125 0.475 0.028125 0.0890625
2 0.85625 0.4796875 0.028125 0.0921875
2 0.928125 0.4265625 0.040625 0.0765625
1 0.2171875 0.375 0.0328125 0.0703125
0 0.1671875 0.478125 0.0140625 0.015625
2 0.08125 0.10625 0.05625 0.0875
2 0.08125 0.98046875 0.05625 0.0390625
2 0.1359375 0.8296875 0.0546875 0.1359375
2 0.528125 0.02890625 0.040625 0.0578125
2 0.528125 0.9 0.040625 0.1140625
2 0.509375 0.134375 0.025 0.0703125
2 0.7515625 0.18125 0.0265625 0.0640625
2 0.828125 0.1453125 0.034375 0.0671875
2 0.803125 0.075 0.028125 0.0890625
2 0.803125 0.9640625 0.028125 0.071875
2 0.85625 0.0703125 0.028125 0.0921875
2 0.85625 0.9609375 0.028125 0.078125
2 0.928125 0.1234375 0.040625 0.0765625
2 0.928125 0.99140625 0.040625 0.0171875
1 0.2171875 0.175 0.0328125 0.0703125
0 0.1671875 0.071875 0.0140625 0.015625
0 0.1671875 0.9703125 0.0140625 0.015625